-1.367273394532682596e-01
1.110715480617296302e+00
1.037118621012860675e+00
7.584985613883371558e-01
-7.527179254321342272e-01
-7.494272377494148873e-01
8.105601074953757701e-01
-4.877999551110689391e-01
7.717779606310389839e-01
-8.052554075927748078e-01
-1.094070103512391423e+00
-6.509668202528337000e-01
-8.760501530104274348e-01
8.230581096223200666e-01
-1.086673082203131857e+00
8.023585802640212927e-01
-1.162222505706590692e+00
-6.941897446008000738e-01
6.949044579767765795e-01
-1.244969028428510427e+00
-6.369278983681611050e-01
-1.126968002255079204e+00
-9.879996246102732416e-01
-9.862839348678228424e-01
-1.000719900922534267e+00
-8.256838787696864079e-01
-1.036335682842437267e+00
-1.206500823921331733e+00
-8.971499108121220312e-01
-9.020769984509268147e-01
-9.136896606613961191e-01
-1.083693885261682865e+00
-9.693720185603706962e-01
6.669801749549634229e-01
-1.262078696233861486e+00
-1.034648442638777421e+00
-8.643794827204390741e-01
-7.295398466489296796e-01
1.108693987964139760e+00
-8.927922480819924234e-01
-1.055505403707837297e+00
1.051220228670916468e+00
-1.269672472379545614e+00
-9.190936077316547159e-01
7.484720298230009838e-01
-1.093872073873498829e+00
-1.038412552584865089e+00
9.555524758479578828e-01
-7.011477548795598258e-01
-8.088010900651281254e-01
9.614743974166474194e-01
9.407219141942789742e-01
6.424298843593887476e-01
-1.157195718406439866e+00
-9.347625066123999016e-01
1.247921096625967952e+00
-8.269245005735585963e-01
-8.233198014451966751e-01
1.036590437245908936e+00
-1.119455881248739404e+00
1.189943052804054213e+00
-1.028231664038132154e+00
-1.170575310473939812e+00
1.121093073000826168e+00
-8.359764049259567065e-01
1.038664957057565452e+00
-9.487519819665991561e-01
-8.906760912097670957e-01
1.104752360217200469e+00
-9.137544562580196539e-01
1.301905687862377370e+00
-1.014747812582168285e+00
-1.281006981483781448e+00
7.485740648456654656e-01
-9.050829126098384192e-01
-8.551072830837808114e-01
-1.315768680219354891e+00
-9.120087000677344902e-01
9.548946465933855210e-01
-9.097949929723383455e-01
-7.209013282105208864e-01
-8.129747927641838290e-01
-1.034114869710563545e+00
-7.998895555692424608e-01
-8.084161219657014508e-01
-8.684531041080919556e-01
9.508342250035750620e-01
-2.094255426388256236e-01
-8.668476441314765246e-01
-1.232239747999537505e+00
1.000431829011802165e+00
5.538828955259815778e-01
-1.188510110712843959e+00
9.450010331708260658e-01
-9.960325312929787511e-01
7.979745334071562946e-01
-7.475602697751519976e-01
6.436265390556739074e-01
-1.137860751483195765e+00
-1.019231504710081504e+00
8.239079939694963217e-01
-1.065232984287978857e+00
-1.006047370322927570e+00
1.019028640467472435e+00
-6.102264409346361829e-01
-8.884350258620080654e-01
8.165144903120172826e-01
-1.056235057382277853e+00
-5.513346846583355720e-01
-9.647636869049995845e-01
-9.424741054077905300e-01
9.226817555029591666e-01
-9.175605968641757926e-01
-8.387826286247083152e-01
-1.074022888190572234e+00
-8.427453595608215275e-01
-1.142504198895441414e+00
1.239789260911709823e+00
9.333453086519032382e-01
-1.092222902868946299e+00
-8.318273890367835488e-01
-8.701838014537816024e-01
-1.035037499824155605e+00
-9.959688251580782747e-01
-8.565854048094517781e-01
-1.100761495486845876e+00
1.000876400012090439e+00
8.922849556173444441e-01
-1.062343137173320518e+00
-4.733435760958212279e-01
-1.012775562723020828e+00
-1.230611348181468667e+00
-5.293420882753850920e-01
8.391779460140988967e-01
-9.540474681774693266e-01
-8.088915731055097424e-01
-8.193850743899823152e-01
1.096122084272509234e+00
-3.256688452059077754e-01
-1.116242923953532529e+00
7.363291049519817832e-01
-7.860349088598581613e-01
1.111211818241458982e+00
-9.933272934919440411e-01
1.166246342772684352e+00
-4.545319567938759797e-01
9.274937130058499291e-01
-1.170366545480445719e+00
-1.041803429125145231e+00
-1.010014712747382859e+00
1.047779891405974828e+00
-9.279180488847940111e-01
-9.779414379596380602e-01
-4.466970889307311232e-01
-1.054068176032160409e+00
-8.936698692231463959e-01
-1.125031673822416645e+00
-9.557177864986636795e-01
-9.461882462605989419e-01
-7.768544109351277482e-01
-1.639943731119651027e-01
9.000901733247809178e-01
-8.447918698183575215e-01
-1.048134172608724102e+00
2.021750664339342085e-01
-9.963292026585152117e-01
-8.962983214246559305e-01
-1.126105759890746016e+00
-5.295803971996295711e-01
-8.243373667507202240e-01
-6.940569900091033695e-01
-1.066493129948022034e+00
-1.303669776037551298e+00
-1.023283722413239616e+00
-1.216680085232071828e+00
-6.189878115337604791e-01
9.030940072805871965e-01
1.026597977847827803e+00
-9.535243410559869348e-01
-1.210487898912708804e+00
-1.030640129447484954e+00
-1.004294832408546778e+00
-7.177431329831484019e-01
-8.363813451654378284e-01
-1.039017897285623881e+00
-1.048426322451768256e+00
-7.107876815095666156e-01
-9.458262708537078511e-01
1.114444994684325563e+00
-7.309381380854795829e-01
9.376264580333754095e-01
9.072365345595200248e-01
-1.254893189107587625e+00
-1.080508847263496275e+00
-9.727474881811617458e-01
-1.007037408379296339e+00
-9.663608031211340377e-01
-9.018637943340777063e-01
8.145739051877454173e-01
1.150165446338927255e+00
